12
123
345
13
14
345
23
234
45
55
53
203
33
-23
-45
345
088
87
78
7844
12
1212
123
345
13
14
345
23
234
45
55
53
203
33
-23
-45
345
088
87
78
7844
12
1212
123
345
13
14
345
23
234
45
55
53
203
33
-23
-45
345
088
87
78
7844
12
1212
123
345
13
14
345
23
234
45
55
53
203
33
-23
-45
345
088
87
78
7844
12
1212
123
345
13
14
345
23
234
45
55
53
203
33
-23
-45
345
088
87
78
7844
12
1212
123
345
13
14
345
23
234
45
55
53
203
33
-23
-45
345
088
87
78
7844
12
1212
123
345
13
14
345
23
234
45
55
53
203
33
-23
-45
345
088
87
78
7844
12
1212
123
345
13
14
345
23
234
45
55
53
203
33
-23
-45
345
088
87
78
7844
12
1212
123
345
13
14
345
23
234
45
55
53
203
33
-23
-45
345
088
87
78
7844
12
1212
123
345
13
14
345
23
234
45
55
53
203
33
-23
-45
345
088
87
78
7844
12
1212
123
345
13
14
345
23
234
45
55
53
203
33
-23
-45
345
088
87
78
7844
12
1212
123
345
13
14
345
23
234
45
55
53
203
33
-23
-45
345
088
87
12
